#Number_of_angles, RMSE_BackProjection, RMSE_Filter_BackProjection, RMSE_Projection_Slice_Theorem_with_interpolation 
2 0.4265583916490116 0.2669779660516267 0.24186034521652947
3 0.42799375450314636 0.25968335023633304 0.2519963297416797
4 0.4294751396626387 0.25462310659661497 0.24486447714785192
5 0.42995423549369066 0.25065609825029433 0.24620960060805883
6 0.4310271397112021 0.2472451629090941 0.24585121943785126
7 0.4310730299946877 0.24455135475903889 0.24746320552364431
8 0.4313892742669305 0.24232479582911162 0.24675211958261642
9 0.43100160635087287 0.24053775949794592 0.2485463072614732
10 0.4302626534147541 0.2390863743422966 0.24873164250270463
11 0.42983272053930593 0.2377592350297805 0.2497378273873368
12 0.43001741194176607 0.23650252069714878 0.251356883814421
13 0.43052684829813365 0.23531829990461695 0.2510645538166466
14 0.43132554675181706 0.23417089531356386 0.2505324035182426
15 0.43296476941569695 0.23299947108527522 0.2510571472768535
16 0.4352132180117225 0.2318180289397444 0.2505246131247765
17 0.4373260930001696 0.23082073623490057 0.24963368492456406
18 0.44005771049461195 0.22970095752372616 0.248684487495666
19 0.44279745671041654 0.2281867372831852 0.24786080420500525
20 0.4440447833288994 0.22665476106438856 0.2473249234078779
21 0.44489162715217234 0.22524595137397077 0.24636125960620828
22 0.4461157118462937 0.2238164316118058 0.24553529614184808
23 0.4467726048906686 0.22248169389486963 0.24483302661587644
24 0.4467754408572141 0.22113968869709832 0.24383251247664667
25 0.4467041809347786 0.21987406634477777 0.24356582229627827
26 0.4465644504318374 0.21862426097875381 0.24292749746725342
27 0.4462776669743574 0.2173907972109818 0.2423799615899
28 0.4460422453227027 0.21617972703965602 0.24290149480670217
29 0.4459283774212395 0.21500333260307813 0.24235782545041992
30 0.445884964142452 0.21386615765057265 0.24216209696463287
31 0.4459762422405256 0.21275244884996936 0.24162635066969917
32 0.4464748479232303 0.21170455587977483 0.24230821138102346
33 0.4473590082631598 0.2106641314780427 0.24208942285622614
34 0.44836534340525247 0.20966982301264903 0.24213022975387422
35 0.4496070677112303 0.2087344522156004 0.24210984230036195
36 0.45078741608053646 0.2078550332361797 0.24217893853854128
37 0.4516018203695052 0.2069842932414087 0.24275193086841476
38 0.451910501584118 0.20614912910564878 0.24252274160550294
39 0.45115324577452603 0.20542373235606648 0.2420634892852153
40 0.45025480838252957 0.20475118790616784 0.24228031431022318
41 0.44933789508981287 0.20408894209053535 0.2419580025437614
42 0.4484299649243542 0.20309595856179943 0.24181756877988805
43 0.44761925716361795 0.2023202400377328 0.24155542103281508
44 0.44693945849769656 0.201813802283246 0.2416096592649143
45 0.44640905359003247 0.20138484030989498 0.2405954676874317
46 0.4459660122047089 0.20103520350453152 0.24025180560043097
47 0.4456352404211443 0.2008134648746871 0.241100551786065
48 0.44494408410981495 0.20057533310409642 0.241479039864674
49 0.4440449166031983 0.20033704895790092 0.24083532624416182
50 0.44314355228979824 0.20023841336911255 0.24109923193658264
51 0.44242804271268427 0.20018844574058367 0.24237926146447428
52 0.4420070066876809 0.20018543767108773 0.24142523244786812
53 0.4417519245583368 0.20023426115364598 0.24133835546493645
54 0.44167608496239597 0.20032443999721544 0.24192246771542614
55 0.4414390466887233 0.2004301277682519 0.23933339066591852
56 0.44133650407061503 0.20073434801272477 0.24003270754599548
57 0.4414287300081547 0.20092464956617573 0.2380135830630085
58 0.44170449671248885 0.2011327820345059 0.23856087458891698
59 0.4422583338645974 0.20111703162170563 0.237747671765831
60 0.4430708744364755 0.20120248693454149 0.2384665447685493
61 0.4440007887297933 0.20135967810796335 0.2368878344425568
62 0.4450192705725464 0.2014247140649958 0.23589225340354808
63 0.4462199632070785 0.20158141806408966 0.23567122869253893
64 0.44763885423853156 0.20214265226232103 0.2353824244245883
65 0.4490759373707505 0.20199031249395824 0.23704511451937188
66 0.45045716348172676 0.20197272285614523 0.23736948343571776
67 0.45182365378259365 0.20259265312102614 0.2375770760959659
68 0.45326608039003063 0.20382783598183937 0.23520377283057364
69 0.4547367999362431 0.20483034441101636 0.23534624898933956
70 0.4562353552011369 0.2048073344404377 0.23730928523206066
71 0.4576057978972002 0.20517302950808455 0.2371327181476867
72 0.45900530705358256 0.205398892263448 0.23582763414502386
73 0.4602871574934905 0.20524887733593664 0.23837037501363714
74 0.46140721017291986 0.2049427635948047 0.23561084775805793
75 0.4626065521704381 0.20531416324878995 0.23518187989566358
76 0.4639267562877756 0.20546562746523467 0.23819572450141088
77 0.46524582879485776 0.2058531844135064 0.23723361501561938
78 0.4664555981700146 0.20517240519999855 0.23419004834363233
79 0.46758611844419007 0.2046989504198569 0.234947317576407
80 0.46839614750322256 0.2044031634463873 0.2333312048528371
81 0.46912011707141255 0.20301492036977475 0.2344909180445691
82 0.46978616749129065 0.20009592147619293 0.23572820298003974
83 0.4703600587387056 0.1990434678082263 0.23585705769266593
84 0.47082654724892775 0.19796012274908648 0.23409357064149947
85 0.47051823121030795 0.1965851324329555 0.233307920889362
86 0.4697189173805408 0.1949372810177944 0.23496944925946844
87 0.46880726531908856 0.19159188303055408 0.23325303517676807
88 0.4678051130773647 0.1880466721911407 0.23301388715328766
89 0.466709287515027 0.18605932765597036 0.2343746918359779
90 0.4654702283842803 0.18477638914911448 0.2338560296047427
91 0.46425140041089646 0.1832548153279548 0.2344888570319694
92 0.4630013018632769 0.18163767813500548 0.23539286602558995
93 0.4617979461775851 0.17932184310094035 0.23707758948988344
94 0.4605760684950523 0.17824607685031232 0.23610552576319543
95 0.45920054824726897 0.17807958592311918 0.23872128216631397
96 0.45790254780582895 0.17695700371693518 0.2369890627608609
97 0.45630361037820166 0.1734444147246878 0.23993547499545523
98 0.45461775272476174 0.17130197375103332 0.23820772417715252
99 0.4531228313911129 0.16901903544511743 0.2402672406000125
100 0.4518212419986459 0.16729262457966126 0.23903929481056926
101 0.4504548678347249 0.16597714057419616 0.24064389726420113
102 0.4491322903307224 0.16526295326155718 0.23792783926093256
103 0.44778987632766226 0.16461352173415938 0.23858345171164902
104 0.44653608237186276 0.16403539423273414 0.24083597319197741
105 0.4455217994886229 0.16384368119224466 0.23975277799499045
106 0.44468963301838416 0.16251188292608018 0.24131776575064592
107 0.4439946606593952 0.16119153351339846 0.24029601472715167
108 0.4433892237442797 0.1602932587062353 0.23881519030501763
109 0.44300563371360374 0.15882881267319646 0.238632981011929
110 0.4427130862848921 0.15807805805316874 0.24083487251516614
111 0.44252700341074996 0.1565647887083932 0.2385873055046621
112 0.44244603680813066 0.156229384268835 0.24073376020511617
113 0.4424410562284268 0.1557839672795295 0.2403231204183638
114 0.4424741410879957 0.15597412548157868 0.2384208109891704
115 0.44251055043882964 0.15608094183759355 0.2402074448433759
116 0.4426416591420513 0.1570281903932307 0.23815031373957127
117 0.4429261355694908 0.15741734103034155 0.23638296684741497
118 0.4433222976465807 0.15806369407349583 0.2386445753338944
119 0.44375617019822905 0.15864185902424477 0.23488008927172804
120 0.4442506553802611 0.15943047089385043 0.23546580837844114
121 0.4448423801499 0.16017089926634548 0.23333384922668543
122 0.44548649751193775 0.16036213636615562 0.23458929279397664
123 0.44613468724366967 0.16026396534471876 0.2319153273268508
124 0.44674016936290645 0.1606571189411911 0.23044765599041114
125 0.44742531814988024 0.16073351579347253 0.2303940707558533
126 0.4481373303111596 0.160765634372336 0.22994440602376734
127 0.44888065137914784 0.1607321303740593 0.22898099271957814
128 0.4496179626222774 0.1608098532900686 0.2281732961384121
129 0.4503638449661906 0.16101618663913358 0.22750046721970393
130 0.45115375760200443 0.16045775910086374 0.22741567003481378
131 0.45195404736746864 0.16028449909381412 0.22696062545840545
132 0.4527499013324089 0.16016831653492014 0.22649434391641846
133 0.45356448992506043 0.16022598593859805 0.2278424193530414
134 0.4544103199645946 0.16091391531786775 0.22437076476928078
135 0.45529329617699776 0.1617492813841704 0.223683593078502
136 0.4562008229947946 0.16228919576720113 0.22316974920796026
137 0.45713744972818593 0.16284444412902682 0.22178205062747716
138 0.45808014697418314 0.16319974329536363 0.22009008860579146
139 0.45905821821858867 0.16319302858776202 0.22014675983349852
140 0.46007618447159476 0.16327321239565631  194721503723
141 0.4611230670401423 0.16375890615276315 0.21519910218252697
142 0.4621589356525377 0.1644660099112035 0.21597188111765364
143 0.4631694685408083 0.16457646885356325 0.21345709129295154
144 0.4641662928031704 0.16412446928359525 0.21062987980464404
145 0.4651602557374286 0.16370571888863136 0.21091926842708245
146 0.46609615248785913 0.16263914505517926 0.2095914664344603
147 0.467016500776041 0.16173887261741787 0.20600952587623814
148 0.4679182870095774 0.16127413194611567 0.20692756394251852
149 0.4688190427718076 0.16065403421197527 0.20308210283248512
150 0.46973617497305314 0.16068118134188525 0.20092260146143784
151 0.4706604695055528 0.16107701274334305 0.19902790723203884
152 0.4716064573556692 0.16174209057497596 0.19738468855545918
153 0.4725381198247915 0.16284598486906018 0.19659897238720714
154 0.47343055064069467 0.16399691506381397 0.19459449146724636
155 0.4743281840403997 0.16474797618065493 0.1910358673689835
156 0.47528856001085396 0.16520324605564832 0.19156316218289693
157 0.47626835394468814 0.16618418505005986 0.1888143743534117
158 0.4771738358564133 0.16799703229483562 0.1870652972667819
159 0.47797270937645475 0.16928670736231524 0.1868149310248693
160 0.4786810243334241 0.16955226633902704 0.18479370792507865
161 0.4792480955994185 0.17011077709616773 0.18266031448825612
162 0.4798567733617849 0.16956676275676585 0.17862561812887812
163 0.4805191769896987 0.16990244463321225 0.17809952598953932
164 0.481198095764885 0.1705304065124186 0.17615441456814887
165 0.4818901901049425 0.1712312605083893 0.17439871234092968
166 0.4825562003480788 0.17224694130202134 0.17173324247016372
167 0.48303054964737646 0.17324556517898324 0.16848013426006198
168 0.48338136509127994 0.17441103325588928 0.1661440149923108
169 0.4838725157727284 0.1741841453569383 0.16294807808377673
170 0.48403326690478954 0.1740720957515579 0.16007436818261694
171 0.48377254662662644 0.17428352907842212 0.15815160430052297
172 0.48350121217389913 0.17414596344523367 0.15453639225355587
173 0.48312400872711836 0.1742681612307894 0.15301101838493625
174 0.48259415647314957 0.17492331829847935 0.1475772510318593
175 0.4820847513917971 0.17558676518266333 0.14191680156596637
176 0.4815917126895068 0.17592184356482207 0.13692118732228206
177 0.4811256348763142 0.17627035309071598 0.13191906478451634
178 0.48064698980936 0.1765147219867209 0.12621343949433517
179 0.4801249698912221 0.1763582958783356 0.12176204280323628
180 0.4796551971776743 0.1758770453971383 0.12183472205685904
